id,count
0,101.64017
1,232.07002
2,58.91047
4,108.616646
5,96.36233
10,139.72658
11,153.31859
12,209.27171
15,80.30973
17,24.165789
18,224.97176
23,215.59683
25,180.59564
26,87.42851
31,201.52232
39,191.00813
40,65.12123
41,124.84286
42,222.77745
43,182.4477
51,220.45494
52,76.87699
54,96.43908
60,171.64908
61,197.39833
62,159.47813
63,58.74076
65,144.29524
66,131.70494
68,192.69983
71,63.06901
80,96.86779
82,90.81415
94,189.77994
98,210.16534
101,95.60634
102,178.27327
107,91.151375
112,225.36734
113,91.223526
115,4.8564477
116,168.4937
120,94.0092
121,93.74674
122,227.53865
132,180.32356
143,40.752014
147,85.98375
150,78.23559
151,74.41583
152,213.5646
153,94.79183
155,87.47329
156,96.63344
159,201.24164
161,89.8966
163,85.36439
177,179.77684
186,98.24447
188,71.24852
190,86.725876
191,105.009094
192,186.51424
195,217.95776
200,189.60764
209,215.38722
210,83.93545
211,238.22644
214,188.47531
215,95.23551
218,161.04774
219,53.505608
222,105.20891
225,72.61653
228,230.15302
236,212.91342
241,82.46125
242,188.90416
243,227.55995
245,76.53932
247,220.08368
251,200.41847
252,88.77273
253,77.35229
254,88.752075
258,214.5651
260,69.39028
261,185.80118
265,71.14189
266,210.7365
267,210.49965
269,175.05205
270,81.47549
275,155.63863
278,87.67696
279,63.69915
286,113.89023
287,67.50045
288,207.68695
289,188.70772
293,87.55613
294,192.0298
297,-23.456978
302,122.36446
303,82.55039
304,102.13519
307,143.31757
309,72.09734
311,207.69603
312,122.9641
314,209.49503
315,220.59674
319,198.43002
322,163.90733
323,68.39491
325,195.80121
327,211.84984
330,73.142136
332,205.24777
333,83.62652
338,162.05971
341,89.99204
345,129.51749
348,172.38887
349,99.91834
350,128.33891
352,57.871216
355,61.8521
356,191.34521
358,80.41088
363,183.50487
369,198.62216
371,79.4548
372,204.62202
375,221.98253
380,199.312
388,86.84947
391,200.14857
392,196.71016
393,221.00339
394,99.85303
396,68.69067
401,74.503334
407,54.32815
409,83.7735
410,143.55081
416,132.31935
418,129.59184
420,197.17418
421,213.19363
422,201.16824
424,226.5552
428,205.06287
429,217.8717
431,184.24571
435,6.0503426
439,114.7763
441,39.2787
447,87.08797
449,205.09473
451,212.74048
452,91.5497
454,189.65489
458,213.93224
463,181.26697
467,85.55538
470,120.97269
471,161.75554
474,212.5457
478,99.3794
483,120.433754
484,170.13458
485,84.7213
486,175.90807
491,139.1032
494,113.89844
495,203.0571
497,193.13353
499,220.775
515,151.55168
518,195.19376
521,106.07577
525,204.64781
529,205.52972
532,177.55959
534,74.96469
540,80.36523
544,226.12234
547,190.43225
549,92.81287
563,68.588554
564,207.23308
567,126.40395
572,170.86911
577,189.15851
578,227.19835
585,218.55704
588,209.2998
589,184.94148
590,141.20096
592,96.09646
594,122.09908
596,86.92367
598,217.3468
599,186.4178
605,97.63521
606,167.87259
607,206.91853
608,201.49294
609,74.99677
610,205.64038
611,115.72463
614,185.70468
615,186.58537
616,203.15701
617,167.12144
618,199.10938
624,129.77075
629,190.06023
631,101.068245
633,104.488045
637,89.18157
638,160.94885
643,51.819103
644,185.85779
645,75.65303
646,186.47794
648,174.3458
650,82.71055
651,114.95001
652,227.09737
656,173.49675
657,101.27993
659,87.69098
660,180.29013
662,152.97354
665,216.78871
675,230.33853
681,172.33708
682,192.88278
685,69.72681
686,206.87862
689,83.80716
696,165.98027
703,196.66556
704,137.99811
705,173.25372
714,193.23805
717,87.51995
718,99.375595
720,84.00994
721,223.25275
723,200.90529
726,111.63536
728,194.51907
730,112.65481
731,91.48563
734,229.51639
737,71.09606
738,82.627785
745,220.1624
746,92.41516
749,191.22684
752,83.22199
753,99.0046
758,193.59387
765,107.33537
766,208.86417
768,78.27756
769,205.29326
774,188.12238
775,128.05704
781,75.20438
784,212.61949
794,110.277824
795,222.80627
796,81.17789
802,119.37363
803,112.40166
805,80.756485
806,215.32852
807,143.91263
809,70.854195
810,208.44965
812,105.775215
814,123.64869
818,199.44678
819,219.57889
825,-17.018248
836,114.82781
839,176.7606
847,218.00397
848,105.2885
851,191.35284
852,178.62189
853,36.846443
857,190.03838
858,100.74387
859,201.07707
861,-5.3727846
867,158.02875
870,195.92644
871,210.23764
872,229.45001
874,230.82382
881,219.03203
886,173.64026
890,64.18037
895,183.30249
899,79.62446
900,210.8343
901,214.3473
902,206.93274
903,90.05331
913,221.92917
918,220.05891
923,177.53085
924,79.42417
926,67.277016
927,84.206604
930,190.96918
934,67.05546
937,189.10954
939,158.37146
941,98.87185
942,229.48727
946,210.7547
950,142.1664
953,90.42704
959,43.365494
961,63.41994
962,102.87753
964,85.92918
969,183.48978
971,166.19681
976,80.3389
978,200.9614
980,214.7274
981,184.78441
990,221.32062
993,76.29566
996,84.353065
998,226.27745
999,198.00925
1006,166.32806
1008,93.234505
1013,87.20565
1015,132.75719
1016,179.0753
1022,218.5882
1026,200.44531
1028,221.23907
1031,11.415889
1034,89.70369
1037,211.87143
1040,99.722
1042,82.46273
1046,110.82288
1048,133.64159
1049,162.87064
1050,78.65165
1051,205.78574
1052,207.40149
1055,110.53849
1060,175.46844
1064,107.869316
1066,85.4737
1071,178.12776
1073,89.70286
1089,200.945
1091,141.0141
1092,70.49725
1093,208.6519
1096,217.11086
1097,193.74661
1098,66.3482
1099,89.91626
1102,217.79236
1107,104.134415
1109,97.36711
1111,33.33735
1112,151.48099
1114,236.01736
1116,211.19049
1117,181.47836
1118,93.30468
1122,185.34518
1124,190.56775
1127,120.989555
1133,213.30415
1134,80.79755
1135,179.05238
1139,219.79015
1143,76.61126
1150,108.44347
1151,140.89107
1153,217.49696
1155,76.31313
1162,73.196205
1163,189.04495
1166,-0.14291018
1171,81.46949
1172,73.314606
1173,216.00699
1174,105.95691
1177,124.42364
1178,104.953224
1184,109.74882
1185,150.95276
1186,111.42982
1187,206.91034
1188,223.24178
1191,185.49133
1207,137.70224
1213,96.66018
1215,185.38457
1223,214.48091
1227,152.78355
1236,75.51778
1237,59.39772
1238,108.081505
1241,75.363686
1248,86.52981
1250,76.81292
1251,199.38824
1253,119.71068
1255,145.20042
1257,216.14339
1261,125.65235
1262,214.8184
1265,173.56975
1273,216.48814
1277,207.73204
1278,156.00471
1280,110.01352
1284,178.06288
1285,229.73326
1288,102.207184
1295,143.69554
1297,237.74773
1299,216.32744
1304,189.59546
1308,78.43733
1310,140.49709
1311,164.27197
1314,94.571465
1315,149.91745
1318,13.062946
1320,232.52452
1321,210.29918
1322,192.64218
1330,174.81674
1333,200.97192
1334,183.79678
1341,190.78462
1344,165.20435
1351,199.94493
1354,62.917366
1356,83.56857
1363,157.19263
1365,204.12346
1369,171.28882
1373,123.520676
1375,156.88396
1377,67.37781
1379,200.95903
1380,215.49306
1381,126.478874
1384,179.67296
1390,202.69643
1393,207.59102
1395,73.50645
1399,209.43016
1400,106.11861
1401,118.7821
1404,200.87613
1408,89.29702
1409,14.383177
1413,189.62085
1416,204.46721
1418,136.18059
1423,99.62975
1424,70.61847
1425,81.42004
1433,223.88242
1434,177.1805
1436,217.21948
1442,210.15115
1444,68.907326
1445,187.47427
1452,199.38591
1455,200.54312
1462,86.08719
1467,20.85056
1472,91.58983
1475,116.69855
1493,166.92578
1501,195.6357
1503,212.77477
1504,218.0114
1505,67.74484
1511,216.51462
1512,72.99029
1513,165.00917
1514,107.3511
1528,209.06413
1533,231.06636
1534,66.85835
1536,191.13283
1537,73.725525
1539,113.479126
1550,199.34618
1552,187.77278
1554,206.52797
1555,219.01967
1556,54.943214
1559,77.81571
1563,207.67976
1566,207.86996
1567,114.88897
1568,84.473564
1571,197.4477
1572,70.2417
1574,68.733055
1577,96.02645
1583,65.04493
1585,95.357414
1586,203.37547
1587,204.56381
1596,183.43466
1602,86.88551
1604,103.025986
1605,67.369484
1610,224.69052
1611,142.08148
1616,102.64719
1617,157.06616
1618,80.63682
1622,63.306034
1623,64.42107
1628,221.9122
1631,59.930267
1632,206.56313
1633,198.27727
1634,211.31459
1636,210.50885
1637,167.10898
1643,99.726234
1644,158.25687
1646,117.12082
1648,199.2674
1651,98.781586
1656,69.38695
1658,157.60309
1659,70.832054
1665,109.01402
1666,155.82762
1670,111.67044
1674,181.02872
1679,220.83725
1680,220.58867
1683,230.1487
1686,72.16537
1691,151.17502
1693,67.44291
1696,99.24594
1697,139.75394
1703,103.83309
1706,69.553635
1709,194.4538
1710,89.57964
1712,199.98042
1713,171.5518
1718,224.47932
1719,199.78114
1722,214.32614
1723,167.5438
1724,222.46918
1728,69.1582
1730,98.47789
1732,68.22121
1737,55.313007
1745,66.939964
1747,96.02417
1748,94.882545
1755,140.314
1759,94.83242
1761,214.28506
1764,188.52844
1765,196.8255
1766,64.08379
1768,71.39681
1770,83.12441
1771,186.37885
1774,125.583885
1785,181.98761
1788,223.31018
1792,91.80977
1794,194.26494
1797,157.17546
1798,65.35961
1799,229.7941
1802,147.78122
1806,85.15923
1808,92.48804
1810,209.43999
1818,18.09962
1819,225.62486
1820,226.18686
1822,200.44287
1826,220.32083
1827,179.23776
1835,94.073616
1841,138.69998
1842,138.11456
1843,108.61299
1846,60.81431
1849,75.08052
1850,224.02779
1851,127.97077
1857,76.23886
1858,184.31606
1860,130.52258
1861,201.66823
1864,103.394714
1869,213.72043
1871,98.71291
1872,3.5726712
1875,70.65081
1878,230.95871
1879,212.55756
1885,52.141426
1888,115.56194
1889,59.031696
1890,145.22777
1896,160.37315
1897,216.78795
1898,176.40134
1900,100.11278
1905,90.77525
1908,109.24705
1909,156.00911
1913,89.52065
1918,128.48248
1922,234.46234
1923,177.06984
1925,211.1422
1926,162.82019
1927,223.11821
1930,199.23776
1935,94.73931
1939,117.41849
1942,135.61856
1943,182.05603
1948,237.25812
1949,211.01321
1951,147.8791
1953,143.09482
1959,188.52701
1963,78.87026
1967,184.93271
1973,204.33827
1975,100.522575
1976,60.711563
1990,143.98303
1993,137.53365
1997,93.298874
1999,178.6684
2001,195.4728
2004,74.4574
2010,139.34534
2013,173.59767
2017,224.1409
2021,136.87755
2023,88.580956
2026,197.21301
2037,81.66862
2039,93.91097
2041,74.43531
2046,69.889915
2050,103.29876
2060,203.5918
2067,149.64333
2069,184.73543
2072,207.54059
2074,196.04803
2079,154.84265
2083,87.28457
2085,107.07699
2087,70.44184
2093,177.92438
2094,83.18529
2097,98.73078
2103,119.603874
2104,75.75457
2107,220.02827
2108,63.09308
2110,28.472427
2115,215.66998
2117,76.85709
2125,222.43668
2127,229.93715
2133,68.32747
2134,233.05492
2135,149.76213
2141,209.63028
2143,80.3232
2145,62.87851
2146,105.52389
2147,201.09998
2148,98.09118
2149,56.742188
2165,135.78256
2166,186.43262
2177,116.55258
